1 0 0 8e-06
1 1 1 6.2e-05
1 2 2 0.000141
1 3 3 0.000187
1 4 4 0.000211
1 5 5 0.000261
1 6 8 0.000321
1 7 17 0.00063
1 9 27 0.001013
1 10 31 0.001174
1 11 37 0.001418
1 12 62 0.00239
1 13 137 0.004976
1 14 273 0.009228
1 15 361 0.011475
1 16 572 0.017153
1 17 804 0.021869
1 18 1093 0.027452
1 19 1491 0.038054
1 20 2510 0.064806
1 21 4750 0.123509
1 22 6043 0.160287
1 23 10759 0.321521
1 24 16326 0.483027
1 25 25048 0.724402
1 26 30167 0.872857
1 27 56657 1.66949
1 28 65239 1.91914
1 29 79806 2.34416
1 30 104132 3.01148
1 31 125408 3.57205
