1 0 0 7e-06
1 1 1 6.5e-05
1 2 2 0.000148
1 3 3 0.0002
1 4 6 0.00029
1 5 8 0.000377
1 6 10 0.0004
1 7 10 0.000398
1 9 21 0.000865
1 10 20 0.000836
1 11 23 0.000934
1 12 22 0.000879
1 13 36 0.001509
1 14 76 0.003031
1 15 96 0.003851
1 16 120 0.004791
1 17 177 0.006606
1 18 201 0.006998
1 19 158 0.005182
1 20 206 0.006822
1 21 390 0.012481
1 22 786 0.022861
1 23 1010 0.027761
1 24 1130 0.030912
1 25 2084 0.059021
1 26 2519 0.07075
1 27 5457 0.161848
1 28 4914 0.149894
1 29 12358 0.404309
1 30 16738 0.53719
1 31 15044 0.497143
