1 0 0 3e-06
1 1 2 0.000214
1 2 9 0.000834
1 3 17 0.00149
1 4 33 0.002902
1 5 41 0.003967
1 6 71 0.005632
1 7 183 0.013172
1 9 359 0.01241
1 10 779 0.016349
1 11 1253 0.023066
1 12 1445 0.024045
1 13 3336 0.051543
1 14 4286 0.062932
1 15 6048 0.090541
1 16 12725 0.204584
1 17 15253 0.274159
1 18 22058 0.346674
1 19 34387 0.500217
1 20 54476 0.809174
1 21 70371 1.0057
1 22 77693 1.11215
1 23 123807 1.62375
1 24 131526 1.67744
1 25 161048 2.06041
1 26 158452 2.00734
1 27 178088 2.16748
1 28 178208 2.09421
1 29 180601 2.13018
1 30 181355 2.18355
1 31 181440 2.1138
