1 0 0 5e-06
1 1 1 3.8e-05
1 2 2 9e-05
1 3 3 0.000121
1 4 6 0.000193
1 5 9 0.000258
1 6 9 0.000216
1 7 9 0.000247
1 9 13 0.000368
1 62 235 0.006238
1 53 172 0.004436
1 42 123 0.00316
1 83 267 0.007035
1 38 72 0.001862
1 37 137 0.003611
1 34 88 0.002292
1 83 221 0.005799
1 34 101 0.00263
1 37 87 0.002287
1 48 97 0.002525
1 49 96 0.002524
1 50 97 0.002536
1 53 270 0.007136
1 76 285 0.007675
1 53 176 0.004652
1 100 337 0.00911
1 199 892 0.026615
1 80 217 0.006463
1 49 103 0.003037
1 54 155 0.004508
1 53 114 0.003189
