1 0 0 8e-06
1 1 1 5.5e-05
1 2 2 0.000122
1 3 3 0.000165
1 4 4 0.000185
1 5 5 0.000231
1 6 7 0.000236
1 7 8 0.000302
1 67 192 0.006092
1 44 983 0.030053
1 51 594 0.016729
1 116 1738 0.047917
1 61 1046 0.030659
1 60 322 0.009357
1 85 603 0.018085
1 80 1795 0.052031
1 75 444 0.01297
1 164 1567 0.047198
1 89 1132 0.033552
1 110 1381 0.038941
1 59 478 0.012888
1 80 364 0.009748
1 121 1217 0.031018
1 120 1216 0.030771
1 97 456 0.011868
1 112 1283 0.034968
1 53 272 0.006997
1 134 999 0.025468
1 75 931 0.024313
1 154 890 0.023755
1 171 1101 0.029302
