1 0 0 6e-06
1 1 2 6e-05
1 2 13 0.000304
1 3 19 0.000491
1 4 52 0.001149
1 5 111 0.00234
1 6 158 0.003558
1 7 236 0.005057
1 9 901 0.015517
1 10 1829 0.027447
1 11 2209 0.032567
1 12 4237 0.063436
1 13 5937 0.094508
1 14 16730 0.215796
1 15 23759 0.252315
1 16 37831 0.428011
1 17 60530 0.635648
1 18 81753 0.935701
1 19 148790 1.6566
1 20 149265 1.94765
1 21 328760 3.35985
1 22 477005 4.81641
1 23 535631 5.96745
1 24 891462 9.09485
1 25 1038620 9.826
1 26 1306176 12.6866
1 27 2102665 19.2026
1 28 2359511 22.8917
1 29 3027113 28.4891
1 30 3402601 34.5199
1 31 4736734 45.0739
