1 0 0 4e-06
1 1 2 0.000134
1 2 8 0.000481
1 3 16 0.000827
1 4 27 0.001466
1 5 40 0.00196
1 6 52 0.002444
1 7 144 0.006125
1 9 416 0.015542
1 10 615 0.021405
1 11 1215 0.034818
1 12 1174 0.030041
1 13 3102 0.075161
1 14 3808 0.096865
1 15 5989 0.157809
1 16 12024 0.355998
1 17 16235 0.43684
1 18 19704 0.659995
1 19 29953 0.833443
1 20 39163 1.09385
1 21 59675 1.79737
1 22 72189 1.96514
1 23 101138 2.94228
1 24 120664 3.50966
1 25 157833 4.2244
1 26 167149 4.54993
1 27 176375 4.6748
1 28 177624 4.78653
1 29 180572 4.68825
1 30 181310 4.53892
1 31 181439 4.74954
